0,516
0,515
0,514
0,513
0,512
0,511
0,510
0,509
0,508
0,507
0,506
67,3
67,2
67,1
67,0
66,3
66,2
66,1
66,0
0,505
65,3
65,2
65,1
65,0
0,504
0,503
0,502
64,4
64,3
64,2
64,1
64,0
63,3
63,2
63,1
63,0
62,3
62,2
62,1
62,0
61,3
61,2
61,1
61,0
0,501
60,4
60,3
60,2
60,1
60,0
0,500
59,3
59,2
59,1
59,0
58,4
58,3
58,2
58,1
58,0
0,499
0,498
0,497
0,496
0,495
0,494
0,493
0,492
57,5
57,4
57,3
57,2
0,491
0,490
57,1
57,0
0,489
0,488
0,487
0,486
0,485
0,484
0,483
0,482
0,481
56,4
56,3
56,2
56,1
56,0
55,3
55,2
55,1
55,0
0,480
0,479
0,478
0,477
0,476
0,475
0,474
54,4
54,3
54,2
54,1
54,0
0,473
0,472
0,471
0,470
0,469
0,468
0,467
0,466
0,465
53,5
53,4
53,3
53,2
53,1
53,0
0,464
0,463
52,4
52,3
52,2
52,1
52,0
14,5
14,4
0,462
0,461
51,4
51,3
51,2
51,1
51,0
0,460
0,459
0,458
0,457
0,456
0,273
0,270
50,5
50,4
50,3
50,2
50,1
50,0
0,455
0,454
49,4
49,3
49,2
49,1
49,0
0,453
48,4
48,3
48,2
48,1
48,0
